0.370632400801066, 0.370632400801066
0.113324794471485, 0.113324794471485
0.177873703212745, 0.177873703212745
0.129094942717278, 0.129094942717278
0.126922904385229, 0.126922904385229
0.200168537326156, 0.200168537326156
0.135820624137251, 0.135820624137251
0.080473066478667, 0.080473066478667
0.381903494898871, 0.381903494898871
0.135996128004223, 0.135996128004223
0.172572649285766, 0.172572649285766
3748.066363219690174, 3748.066363219690174
12.498087409539062, 12.498087409539062
32.763011611411507, 32.763011611411507
1.923869866147962, 1.923869866147962
2.035597650964006, 2.035597650964006
12.139910835600707, 12.139910835600707
0.157467295917401, 0.157467295917401
0.165432610889318, 0.165432610889318
0.097836346627313, 0.097836346627313
2.068938669977973, 2.068938669977973
0.083607480464904, 0.083607480464904
0.334482685814406, 0.334482685814406
0.221203454168236, 0.221203454168236
0.105471541562996, 0.105471541562996
0.089748477108768, 0.089748477108768
0.161637723582192, 0.161637723582192
0.249592855686743, 0.249592855686743
0.095046144569783, 0.095046144569783
0.086160640902552, 0.086160640902552
0.326235042815120, 0.326235042815120
2.289844434479397, 2.289844434479397
0.066366842762856, 0.066366842762856
0.068787547242318, 0.068787547242318
0.075848087209967, 0.075848087209967
0.118817567165388, 0.118817567165388
0.074088610667963, 0.074088610667963
0.081532295691382, 0.081532295691382
0.083639313016924, 0.083639313016924
0.063919764084139, 0.063919764084139
0.340774180975003, 0.340774180975003
1.493690683889587, 1.493690683889587
0.142838207491796, 0.142838207491796
2.089749263431487, 2.089749263431487
0.389390580371061, 0.389390580371061
0.086202200637773, 0.086202200637773
0.356029655740636, 0.356029655740636
0.470527918283267, 0.470527918283267
0.134381479949928, 0.134381479949928
166950.557307139562909, 166950.557307139562909
128914.281990316841984, 128914.281990316841984
344.142780757206026, 344.142780757206026
1.882994029139395, 1.882994029139395
47.980075222843816, 47.980075222843816
4.086195378853560, 4.086195378853560
0.048989755114000, 0.048989755114000
0.057792557927421, 0.057792557927421
176.832550069942585, 176.832550069942585
0.348767061046259, 0.348767061046259
2.580255171936910, 2.580255171936910
0.481216238810863, 0.481216238810863
0.078810872146575, 0.078810872146575
219.617700240110338, 219.617700240110338
4795.255303581931003, 4795.255303581931003
21.354269607258178, 21.354269607258178
0.098751781830549, 0.098751781830549
0.092986963005517, 0.092986963005517
0.076535554468816, 0.076535554468816
0.066326320681076, 0.066326320681076
43.963287511379896, 43.963287511379896
1.836946473209708, 1.836946473209708
2.225514295698555, 2.225514295698555
0.492259601002402, 0.492259601002402
10.605114475200839, 10.605114475200839
0.071261390057751, 0.071261390057751
0.064969567057406, 0.064969567057406
0.052978518895645, 0.052978518895645
0.075975324401821, 0.075975324401821
0.083497265181734, 0.083497265181734
0.093149829607740, 0.093149829607740
160.778496600204932, 160.778496600204932
9720.838781082045898, 9720.838781082045898
1095.427804659279900, 1095.427804659279900
2.603335202917768, 2.603335202917768
29.428073442511128, 29.428073442511128
3.339925429545142, 3.339925429545142
15.976360584932783, 15.976360584932783
92.073063868178451, 92.073063868178451
304.150958251999725, 304.150958251999725
3014.674108895318568, 3014.674108895318568
2.221223493229500, 2.221223493229500
0.321872642216506, 0.321872642216506
0.284545349869618, 0.284545349869618
97.233571005330887, 97.233571005330887
0.057262734177512, 0.057262734177512
0.041107803653634, 0.041107803653634
0.525699705373168, 0.525699705373168
0.108497841008451, 0.108497841008451
17.189366988163009, 17.189366988163009
0.278311431069818, 0.278311431069818
43449.080365950096166, 43449.080365950096166
5066.881485557161795, 5066.881485557161795
323685.028959639661480, 323685.028959639661480
1.302138351354180, 1.302138351354180
722.093802739827197, 722.093802739827197